0.0 [ 0.31021550132335657;0.04598792262076319;0.012687649709712236;0.0010770508505684837;-2.03157963897146E-5;1.46420094454627E-4;-3.929554511979177E-6 ] bat-4.gif
0.02323908222925877 [ 0.32589311498384205;0.04575867541002043;0.019138484433260244;0.0017693149420799957;-4.864134808504037E-6;-1.3044673231441314E-5;1.027655919175304E-5 ] bat-16.gif
0.023442767721809334 [ 0.32768605487006647;0.0490910001979935;0.014727874335154137;0.001684617283214986;-3.7740551082074763E-6;-4.622708789653127E-5;8.227061636078824E-6 ] bat-8.gif
0.026236909167129393 [ 0.3218896641079604;0.03981633267419152;0.020400471265510926;0.00158961722858763;-1.8574562635122288E-6;1.2091479776056723E-5;9.051992819315111E-6 ] bat-20.gif
0.030562614789771472 [ 0.32858710740951264;0.05441158637835043;0.015979635337239704;0.0014835326874140461;-3.538978894252679E-5;1.9696926882518755E-4;-7.183869243740577E-6 ] bat-18.gif
0.03450006788537949 [ 0.3236093541332925;0.036098899671755835;0.0016829793502985304;9.199908260006479E-4;-9.934951875109582E-6;1.0503192393766675E-4;-2.3682708888687082E-7 ] beetle-10.gif
0.043456652477563924 [ 0.29563744177254203;0.02922157543705366;0.0014955963671501136;2.110685781881229E-4;3.192840435385403E-7;1.167729413734886E-4;-1.659929006378155E-9 ] beetle-12.gif
0.04464042225055746 [ 0.3151925990327286;0.024752601522664713;0.02833976455690141;0.0037612281743269636;-2.647215403508328E-5;1.0336834622240105E-4;3.8573611749704385E-5 ] bat-14.gif
0.05091122887098382 [ 0.34663565980396116;0.04679641785495475;2.0901297570010457E-4;3.975161308555305E-5;2.2446994829564746E-8;4.0454314444596835E-6;-3.2762140776636083E-9 ] beetle-16.gif
0.060218316787725726 [ 0.3453804899828265;0.06646192407871739;0.01624121036304338;0.0016996964740044558;-8.113629780880911E-6;-2.3294793449511782E-4;7.620643463926807E-6 ] bat-12.gif
0.07584182594690125 [ 0.36953302180367925;0.03619585139679173;0.008340002209260752;0.003007084098271489;4.222655721588501E-6;5.704926336762019E-4;2.0129486077530623E-6 ] beetle-20.gif
